order of ids (rows/columns): >YP_003432080.1 >NP_337765.1 >YP_001581614.1 >YP_003433200.1 >YP_004616654.1 >YP_844339.1 >YP_846061.1 >YP_002667.1 >YP_504007.1 >YP_001876018.1 
0.0 
0.6111111111111112 0.0 
0.6586826347305389 0.6985074626865672 0.0 
0.41369047619047616 0.5765765765765766 0.6358024691358024 0.0 
0.6900584795321638 0.6826347305389222 0.6437125748502994 0.6525679758308157 0.0 
0.598159509202454 0.5457317073170731 0.6391437308868502 0.5510835913312693 0.6123076923076923 0.0 
0.547112462006079 0.547112462006079 0.5817610062893082 0.5653495440729484 0.6 0.5171339563862929 0.0 
0.6041666666666667 0.5714285714285714 0.6492307692307693 0.593939393939394 0.6467065868263473 0.5714285714285714 0.5552147239263804 0.0 
0.7439024390243902 0.7363636363636363 0.7098765432098766 0.725552050473186 0.7366771159874608 0.7012578616352201 0.7272727272727273 0.7227414330218069 0.0 
0.7184466019417476 0.71875 0.7012578616352201 0.711038961038961 0.6935483870967742 0.6955128205128205 0.7119741100323624 0.7161290322580645 0.6845425867507886 0.0 
